version https://git-lfs.github.com/spec/v1
oid sha256:0de49b1648753842f53e86c7b5d6bd0da0b8599b980687d8cddccbcb36681b1b
size 1181
